0.936818
0.45480934
0.3007036
0.63464487
1.6366289
1.6369123
1.6535999
0.7669789
0.27318594
1.5048113
0.70446235
0.20399079
1.0744984
0.6766265
0.883993
0.77393377
0.77342445
1.2743479
1.2686048
4.8610554
1.1592386
0.8320275
0.9542371
1.0623158
0.21482545
6.761445
6.135344
1.8002394
1.4773142
2.5868335
2.9618776
1.5394816
2.1304245
0.6115667
0.5753672
0.84943575
0.8895434
0.89504176
1.632287
0.98731375
4.2493773
1.49061
1.4423798
4.1622667
0.61884093
0.198514
1.4128796
1.158487
0.6611287
2.3928237
2.4762106
4.2246714
5.1752977
3.9306073
3.9281924
2.0383594
1.815641
1.7903402
1.8375349
5.5782437
2.2900836
2.6891146
0.15932457
1.2284111
0.7792628
0.43340254
1.5605831
3.39138
3.985656
1.5803599
4.0069222
0.6193378
0.61483717
0.6895403
0.6318449
0.616026
0.76626873
0.9561872
0.56220526
0.29101563
0.7705353
1.99367
1.7924881
4.886193
0.9423334
4.963952
3.161558
1.9378052
1.99634
0.19329774
0.16928883
0.22045153
0.2973575
0.21948425
0.28629917
0.50856763
0.44844258
1.6579652
0.79538
0.7546991
0.8322973
5.398778
0.9583443
6.752849
1.0446233
0.42602804
0.36454737
0.4999125
